//Source.cpp


#include <iostream>
#include <algorithm>
#include <stdio.h>
#include <assert.h>
 
int main(int argc, char* argv[])
{
	int triangle[] =
	{

		59,
		73, 41,
		52, 40, 9,
		26, 53, 6, 34,
		10, 51, 87, 86, 81,
		61, 95, 66, 57, 25, 68,
		90, 81, 80, 38, 92, 67, 73,
		30, 28, 51, 76, 81, 18, 75, 44,
		84, 14, 95, 87, 62, 81, 17, 78, 58,
		21, 46, 71, 58, 02, 79, 62, 39, 31, 9,
		56, 34, 35, 53, 78, 31, 81, 18, 90, 93, 15,
		78, 53, 04, 21, 84, 93, 32, 13, 97, 11, 37, 51,
		45, 3, 81, 79, 05, 18, 78, 86, 13, 30, 63, 99, 95,
		39, 87, 96, 28, 3, 38, 42, 17, 82, 87, 58, 7, 22, 57,
		06, 17, 51, 17, 7, 93, 9, 7, 75, 97, 95, 78, 87, 8, 53,
		67, 66, 59, 60, 88, 99, 94, 65, 55, 77, 55, 34, 27, 53, 78, 28,
		76, 40, 41, 4, 87, 16, 9, 42, 75, 69, 23, 97, 30, 60, 10, 79, 87,
		12, 10, 44, 26, 21, 36, 32, 84, 98, 60, 13, 12, 36, 16, 63, 31, 91, 35,
		70, 39, 6, 5, 55, 27, 38, 48, 28, 22, 34, 35, 62, 62, 15, 14, 94, 89, 86,
		66, 56, 68, 84, 96, 21, 34, 34, 34, 81, 62, 40, 65, 54, 62, 5, 98, 3, 2, 60,
		38, 89, 46, 37, 99, 54, 34, 53, 36, 14, 70, 26, 2, 90, 45, 13, 31, 61, 83, 73, 47,
		36, 10, 63, 96, 60, 49, 41, 5, 37, 42, 14, 58, 84, 93, 96, 17, 9, 43, 5, 43, 6, 59,
		66, 57, 87, 57, 61, 28, 37, 51, 84, 73, 79, 15, 39, 95, 88, 87, 43, 39, 11, 86, 77, 74, 18,
		54, 42, 5, 79, 30, 49, 99, 73, 46, 37, 50, 2, 45, 9, 54, 52, 27, 95, 27, 65, 19, 45, 26, 45,
		71, 39, 17, 78, 76, 29, 52, 90, 18, 99, 78, 19, 35, 62, 71, 19, 23, 65, 93, 85, 49, 33, 75, 9, 2,
		33, 24, 47, 61, 60, 55, 32, 88, 57, 55, 91, 54, 46, 57, 7, 77, 98, 52, 80, 99, 24, 25, 46, 78, 79, 5,
		92, 9, 13, 55, 10, 67, 26, 78, 76, 82, 63, 49, 51, 31, 24, 68, 5, 57, 7, 54, 69, 21, 67, 43, 17, 63, 12,
		24, 59, 6, 8, 98, 74, 66, 26, 61, 60, 13, 3, 9, 9, 24, 30, 71, 8, 88, 70, 72, 70, 29, 90, 11, 82, 41, 34,
		66, 82, 67, 4, 36, 60, 92, 77, 91, 85, 62, 49, 59, 61, 30, 90, 29, 94, 26, 41, 89, 4, 53, 22, 83, 41, 9, 74, 90,
		48, 28, 26, 37, 28, 52, 77, 26, 51, 32, 18, 98, 79, 36, 62, 13, 17, 8, 19, 54, 89, 29, 73, 68, 42, 14, 8, 16, 70, 37,
		37, 60, 69, 70, 72, 71, 9, 59, 13, 60, 38, 13, 57, 36, 9, 30, 43, 89, 30, 39, 15, 2, 44, 73, 5, 73, 26, 63, 56, 86, 12,
		55, 55, 85, 50, 62, 99, 84, 77, 28, 85, 3, 21, 27, 22, 19, 26, 82, 69, 54, 4, 13, 7, 85, 14, 1, 15, 70, 59, 89, 95, 10, 19
	};

	int triangle1[] =
	{

		59,
		73, 41,
		52, 40, 9,
		26, 53, 6, 34,
		10, 51, 87, 86, 81,
		61, 95, 66, 57, 25, 68,
		90, 81, 80, 38, 92, 67, 73,
		30, 28, 51, 76, 81, 18, 75, 44,
		84, 14, 95, 87, 62, 81, 17, 78, 58,
		21, 46, 71, 58, 02, 79, 62, 39, 31, 9,
		56, 34, 35, 53, 78, 31, 81, 18, 90, 93, 15,
		78, 53, 04, 21, 84, 93, 32, 13, 97, 11, 37, 51,
		45, 3, 81, 79, 05, 18, 78, 86, 13, 30, 63, 99, 95,
		39, 87, 96, 28, 3, 38, 42, 17, 82, 87, 58, 7, 22, 57,
		06, 17, 51, 17, 7, 93, 9, 7, 75, 97, 95, 78, 87, 8, 53,
		67, 66, 59, 60, 88, 99, 94, 65, 55, 77, 55, 34, 27, 53, 78, 28,
		76, 40, 41, 4, 87, 16, 9, 42, 75, 69, 23, 97, 30, 60, 10, 79, 87,
		12, 10, 44, 26, 21, 36, 32, 84, 98, 60, 13, 12, 36, 16, 63, 31, 91, 35,
		70, 39, 6, 5, 55, 27, 38, 48, 28, 22, 34, 35, 62, 62, 15, 14, 94, 89, 86,
		66, 56, 68, 84, 96, 21, 34, 34, 34, 81, 62, 40, 65, 54, 62, 5, 98, 3, 2, 60,
		38, 89, 46, 37, 99, 54, 34, 53, 36, 14, 70, 26, 2, 90, 45, 13, 31, 61, 83, 73, 47,
		36, 10, 63, 96, 60, 49, 41, 5, 37, 42, 14, 58, 84, 93, 96, 17, 9, 43, 5, 43, 6, 59,
		66, 57, 87, 57, 61, 28, 37, 51, 84, 73, 79, 15, 39, 95, 88, 87, 43, 39, 11, 86, 77, 74, 18,
		54, 42, 5, 79, 30, 49, 99, 73, 46, 37, 50, 2, 45, 9, 54, 52, 27, 95, 27, 65, 19, 45, 26, 45,
		71, 39, 17, 78, 76, 29, 52, 90, 18, 99, 78, 19, 35, 62, 71, 19, 23, 65, 93, 85, 49, 33, 75, 9, 2,
		33, 24, 47, 61, 60, 55, 32, 88, 57, 55, 91, 54, 46, 57, 7, 77, 98, 52, 80, 99, 24, 25, 46, 78, 79, 5,
		92, 9, 13, 55, 10, 67, 26, 78, 76, 82, 63, 49, 51, 31, 24, 68, 5, 57, 7, 54, 69, 21, 67, 43, 17, 63, 12,
		24, 59, 6, 8, 98, 74, 66, 26, 61, 60, 13, 3, 9, 9, 24, 30, 71, 8, 88, 70, 72, 70, 29, 90, 11, 82, 41, 34,
		66, 82, 67, 4, 36, 60, 92, 77, 91, 85, 62, 49, 59, 61, 30, 90, 29, 94, 26, 41, 89, 4, 53, 22, 83, 41, 9, 74, 90,
		48, 28, 26, 37, 28, 52, 77, 26, 51, 32, 18, 98, 79, 36, 62, 13, 17, 8, 19, 54, 89, 29, 73, 68, 42, 14, 8, 16, 70, 37,
		37, 60, 69, 70, 72, 71, 9, 59, 13, 60, 38, 13, 57, 36, 9, 30, 43, 89, 30, 39, 15, 2, 44, 73, 5, 73, 26, 63, 56, 86, 12,
		55, 55, 85, 50, 62, 99, 84, 77, 28, 85, 3, 21, 27, 22, 19, 26, 82, 69, 54, 4, 13, 7, 85, 14, 1, 15, 70, 59, 89, 95, 10, 19
	};

	const int size = sizeof(triangle) / sizeof(int);
	const int size1 = sizeof(triangle1) / sizeof(int);

	const int tn = static_cast<int>(sqrt(2.0 * size));
	const int pn = static_cast<int>(sqrt(2.0 * size1));
	assert(tn * (tn + 1) == 2 * size);
	assert(pn * (pn + 1) == 2 * size1);

	for (int n = tn - 1; n > 0; --n)  
		for (int k = (n * (n - 1)) / 2; k < (n * (n + 2)) / 2; ++k)
		{
			triangle[k] += std::max(triangle[k + n], triangle[k + n + 1]);
			std::cout << k << " " << triangle[k] << " \n";

		}
	for (int m = pn - 1; m > 0; --m)   // n is size of row, note we do not process last row
		for (int l = (m * (m - 1)) / 2; l < (m * (m + 2)) / 2; ++l)
		{
			triangle1[l] += std::min(triangle1[l + m], triangle1[l + m + 1]);
		}
 
    std::cout << "Maximum total: " << triangle[0] << "\n\n";

	std::cout << "Minimum total: " << triangle1[0] << "\n\n";

	system("pause");
	return 0;
}
